0 0.558594 0.242188 0.139063 0.031250
0 0.804688 0.273438 0.018750 0.081250
0 0.277344 0.412500 0.032813 0.021875
0 0.214844 0.696875 0.029688 0.040625
0 0.269531 0.715625 0.042188 0.093750
0 0.330469 0.717969 0.057813 0.029688
0 0.402344 0.392969 0.048438 0.179688
0 0.740625 0.701563 0.053125 0.106250
0 0.610156 0.733594 0.048438 0.045313
0 0.564844 0.553906 0.104688 0.092188
0 0.711719 0.511719 0.045313 0.042188
0 0.607031 0.435938 0.032813 0.028125
0 0.341406 0.480469 0.029688 0.023438
0 0.518750 0.354688 0.028125 0.034375
0 0.485938 0.372656 0.021875 0.039062
