0 0.393750 0.320312 0.012500 0.446875
0 0.185156 0.329688 0.070312 0.062500
0 0.160938 0.174219 0.025000 0.154688
0 0.341406 0.630469 0.023438 0.120313
0 0.501563 0.650781 0.050000 0.048438
0 0.059375 0.396094 0.012500 0.585938
0 0.073438 0.193750 0.012500 0.165625
0 0.105469 0.192188 0.010938 0.162500
0 0.120313 0.176563 0.009375 0.134375
0 0.092969 0.500781 0.010938 0.095313
0 0.074219 0.486719 0.014063 0.139063
0 0.153906 0.499219 0.007812 0.092188
0 0.140625 0.569531 0.012500 0.042188
0 0.272656 0.296875 0.023438 0.134375
0 0.265625 0.660156 0.109375 0.057813
0 0.732031 0.194531 0.007812 0.264063
0 0.749219 0.234375 0.010938 0.306250
0 0.764844 0.367188 0.014063 0.590625
0 0.652344 0.626563 0.007812 0.065625
0 0.609375 0.632812 0.025000 0.078125
0 0.579688 0.635938 0.021875 0.062500
0 0.634375 0.627344 0.009375 0.051563
0 0.667969 0.625781 0.010938 0.057813
0 0.719531 0.626563 0.010938 0.062500
0 0.735156 0.627344 0.010938 0.079688
0 0.753125 0.588281 0.009375 0.154688
0 0.665625 0.185156 0.009375 0.073438
0 0.647656 0.212500 0.010938 0.100000
