0 0.437500 0.628125 0.131250 0.121875
0 0.528906 0.617188 0.045313 0.125000
0 0.596094 0.628906 0.073438 0.101562
0 0.642969 0.625781 0.010938 0.120313
0 0.485938 0.421094 0.037500 0.129688
0 0.454688 0.469531 0.012500 0.132812
0 0.423438 0.403125 0.012500 0.218750
0 0.437500 0.453906 0.009375 0.148438
0 0.537500 0.401563 0.012500 0.259375
0 0.553125 0.417188 0.012500 0.125000
0 0.567969 0.349219 0.014063 0.229688
0 0.585938 0.375781 0.012500 0.226562
0 0.617969 0.335156 0.010938 0.254688
0 0.069531 0.389063 0.010938 0.293750
0 0.121094 0.389063 0.010938 0.300000
0 0.050781 0.463281 0.017188 0.485938
0 0.128125 0.627344 0.118750 0.067187
0 0.408594 0.400781 0.007812 0.160938
0 0.390625 0.378906 0.006250 0.195312
0 0.745313 0.322656 0.012500 0.260937
0 0.761719 0.427344 0.010938 0.479688
0 0.342188 0.620313 0.059375 0.046875
